'IMG_1'  54  52.838645935058594  1.1613540649414062
'IMG_10'  45  48.85863494873047  -3.8586349487304688
'IMG_100'  45  44.67433547973633  0.3256645202636719
'IMG_101'  41  44.01243209838867  -3.012432098388672
'IMG_102'  45  43.76420593261719  1.2357940673828125
'IMG_103'  47  45.647438049316406  1.3525619506835938
'IMG_104'  43  43.79437255859375  -0.79437255859375
'IMG_105'  40  46.73241424560547  -6.732414245605469
'IMG_106'  46  41.946937561035156  4.053062438964844
'IMG_107'  48  44.9619026184082  3.038097381591797
'IMG_108'  48  43.93449401855469  4.0655059814453125
'IMG_109'  53  52.33256530761719  0.6674346923828125
'IMG_11'  46  49.220741271972656  -3.2207412719726562
'IMG_110'  51  48.05207061767578  2.9479293823242188
'IMG_111'  46  48.292449951171875  -2.292449951171875
'IMG_112'  45  44.679595947265625  0.320404052734375
'IMG_113'  44  44.46247482299805  -0.4624748229980469
'IMG_114'  51  51.56306838989258  -0.5630683898925781
'IMG_115'  51  49.78594970703125  1.21405029296875
'IMG_116'  41  43.453102111816406  -2.4531021118164062
'IMG_117'  50  46.97894287109375  3.02105712890625
'IMG_118'  49  50.05518341064453  -1.0551834106445312
'IMG_119'  44  47.79087448120117  -3.790874481201172
'IMG_12'  46  48.32700729370117  -2.327007293701172
'IMG_120'  45  42.110084533691406  2.8899154663085938
'IMG_121'  46  41.2957763671875  4.7042236328125
'IMG_122'  49  46.46612548828125  2.53387451171875
'IMG_123'  48  41.39179611206055  6.608203887939453
'IMG_124'  45  45.34385299682617  -0.3438529968261719
'IMG_125'  46  44.17988586425781  1.8201141357421875
'IMG_126'  50  46.44562530517578  3.5543746948242188
'IMG_127'  47  45.98320007324219  1.0167999267578125
'IMG_128'  41  47.132808685302734  -6.132808685302734
'IMG_129'  50  48.817352294921875  1.182647705078125
'IMG_13'  43  46.792701721191406  -3.7927017211914062
'IMG_130'  49  47.00191879272461  1.9980812072753906
'IMG_131'  52  54.62245178222656  -2.6224517822265625
'IMG_132'  51  48.313961029052734  2.6860389709472656
'IMG_133'  59  53.26164627075195  5.738353729248047
'IMG_134'  53  55.14691162109375  -2.14691162109375
'IMG_135'  52  53.352291107177734  -1.3522911071777344
'IMG_136'  51  52.046836853027344  -1.0468368530273438
'IMG_137'  51  51.80915069580078  -0.8091506958007812
'IMG_138'  47  45.27007293701172  1.7299270629882812
'IMG_139'  50  46.32085418701172  3.6791458129882812
'IMG_14'  44  44.984275817871094  -0.9842758178710938
'IMG_140'  44  44.222564697265625  -0.222564697265625
'IMG_141'  44  49.18181610107422  -5.181816101074219
'IMG_142'  46  46.90476989746094  -0.9047698974609375
'IMG_143'  50  50.23883819580078  -0.23883819580078125
'IMG_144'  50  49.50398254394531  0.4960174560546875
'IMG_145'  46  51.85836410522461  -5.858364105224609
'IMG_146'  51  51.53440856933594  -0.5344085693359375
'IMG_147'  47  45.89150619506836  1.1084938049316406
'IMG_148'  50  50.12989807128906  -0.1298980712890625
'IMG_149'  46  49.39573287963867  -3.395732879638672
'IMG_15'  46  46.666019439697266  -0.6660194396972656
'IMG_150'  50  49.63880157470703  0.36119842529296875
'IMG_151'  52  53.42848205566406  -1.4284820556640625
'IMG_152'  47  49.0396614074707  -2.039661407470703
'IMG_153'  50  51.50436782836914  -1.5043678283691406
'IMG_154'  48  49.50349807739258  -1.5034980773925781
'IMG_155'  47  54.37333679199219  -7.3733367919921875
'IMG_156'  47  51.639892578125  -4.639892578125
'IMG_157'  44  43.44743347167969  0.5525665283203125
'IMG_158'  44  48.49867248535156  -4.4986724853515625
'IMG_159'  49  50.26675033569336  -1.2667503356933594
'IMG_16'  44  47.722068786621094  -3.7220687866210938
'IMG_160'  46  48.034488677978516  -2.0344886779785156
'IMG_161'  48  46.24277114868164  1.7572288513183594
'IMG_162'  47  48.64897537231445  -1.6489753723144531
'IMG_163'  43  50.89041519165039  -7.890415191650391
'IMG_164'  46  48.091278076171875  -2.091278076171875
'IMG_165'  48  50.24373245239258  -2.243732452392578
'IMG_166'  51  50.11668395996094  0.8833160400390625
'IMG_167'  51  54.28331756591797  -3.2833175659179688
'IMG_168'  46  47.95851135253906  -1.9585113525390625
'IMG_169'  47  47.32093048095703  -0.32093048095703125
'IMG_17'  47  47.92901611328125  -0.92901611328125
'IMG_170'  50  49.24702453613281  0.7529754638671875
'IMG_171'  49  49.926490783691406  -0.9264907836914062
'IMG_172'  51  50.47925567626953  0.5207443237304688
'IMG_173'  42  46.47119903564453  -4.471199035644531
'IMG_174'  42  42.754058837890625  -0.754058837890625
'IMG_175'  45  46.503997802734375  -1.503997802734375
'IMG_176'  49  48.94671630859375  0.05328369140625
'IMG_177'  49  47.798377990722656  1.2016220092773438
'IMG_178'  43  45.096923828125  -2.096923828125
'IMG_179'  40  42.20111083984375  -2.20111083984375
'IMG_18'  44  46.33944320678711  -2.3394432067871094
'IMG_180'  45  43.14714813232422  1.8528518676757812
'IMG_181'  43  43.131072998046875  -0.131072998046875
'IMG_182'  45  45.746055603027344  -0.7460556030273438
'IMG_183'  40  44.639312744140625  -4.639312744140625
'IMG_184'  41  44.09215545654297  -3.0921554565429688
'IMG_185'  45  43.834861755371094  1.1651382446289062
'IMG_186'  43  47.60081481933594  -4.6008148193359375
'IMG_187'  42  47.224388122558594  -5.224388122558594
'IMG_188'  44  45.260101318359375  -1.260101318359375
'IMG_189'  44  42.71706008911133  1.2829399108886719
'IMG_19'  46  45.735137939453125  0.264862060546875
'IMG_190'  42  44.55406951904297  -2.5540695190429688
'IMG_191'  44  45.58237838745117  -1.5823783874511719
'IMG_192'  44  47.235164642333984  -3.2351646423339844
'IMG_193'  43  46.8858642578125  -3.8858642578125
'IMG_194'  44  46.96612548828125  -2.96612548828125
'IMG_195'  41  38.40180206298828  2.5981979370117188
'IMG_196'  40  42.80989074707031  -2.8098907470703125
'IMG_197'  44  49.69196319580078  -5.691963195800781
'IMG_198'  48  44.543338775634766  3.4566612243652344
'IMG_199'  43  42.47550582885742  0.5244941711425781
'IMG_2'  56  53.55998229980469  2.4400177001953125
'IMG_20'  42  42.786888122558594  -0.7868881225585938
'IMG_200'  44  46.31619644165039  -2.3161964416503906
'IMG_201'  44  47.497650146484375  -3.497650146484375
'IMG_202'  41  43.937255859375  -2.937255859375
'IMG_203'  44  44.86722946166992  -0.8672294616699219
'IMG_204'  43  43.932708740234375  -0.932708740234375
'IMG_205'  43  43.99639129638672  -0.9963912963867188
'IMG_206'  42  42.68499755859375  -0.68499755859375
'IMG_207'  41  41.370330810546875  -0.370330810546875
'IMG_208'  42  44.606849670410156  -2.6068496704101562
'IMG_209'  41  44.19746398925781  -3.1974639892578125
'IMG_21'  42  45.64716339111328  -3.6471633911132812
'IMG_210'  41  45.164283752441406  -4.164283752441406
'IMG_211'  44  45.41508102416992  -1.4150810241699219
'IMG_212'  46  53.1519660949707  -7.151966094970703
'IMG_213'  52  50.891090393066406  1.1089096069335938
'IMG_214'  29  33.475738525390625  -4.475738525390625
'IMG_215'  35  34.033565521240234  0.9664344787597656
'IMG_216'  30  34.92979049682617  -4.929790496826172
'IMG_217'  35  32.78099060058594  2.2190093994140625
'IMG_218'  33  33.02306365966797  -0.02306365966796875
'IMG_219'  34  31.774856567382812  2.2251434326171875
'IMG_22'  48  48.87825012207031  -0.8782501220703125
'IMG_220'  33  35.354400634765625  -2.354400634765625
'IMG_221'  35  35.89969253540039  -0.8996925354003906
'IMG_222'  35  34.88695526123047  0.11304473876953125
'IMG_223'  37  35.506378173828125  1.493621826171875
'IMG_224'  30  37.13569641113281  -7.1356964111328125
'IMG_225'  36  32.24631881713867  3.753681182861328
'IMG_226'  40  34.236534118652344  5.763465881347656
'IMG_227'  35  32.741268157958984  2.2587318420410156
'IMG_228'  33  32.23198699951172  0.7680130004882812
'IMG_229'  35  27.55435562133789  7.445644378662109
'IMG_23'  48  50.54791259765625  -2.54791259765625
'IMG_230'  37  36.721954345703125  0.278045654296875
'IMG_231'  36  32.64255142211914  3.3574485778808594
'IMG_232'  38  38.865989685058594  -0.8659896850585938
'IMG_233'  33  34.92363357543945  -1.9236335754394531
'IMG_234'  38  35.12024688720703  2.8797531127929688
'IMG_235'  36  36.50358200073242  -0.5035820007324219
'IMG_236'  37  37.82248306274414  -0.8224830627441406
'IMG_237'  38  40.191165924072266  -2.1911659240722656
'IMG_238'  37  38.95683670043945  -1.9568367004394531
'IMG_239'  45  44.53245162963867  0.4675483703613281
'IMG_24'  56  54.367698669433594  1.6323013305664062
'IMG_240'  47  41.03441619873047  5.965583801269531
'IMG_241'  43  40.766090393066406  2.2339096069335938
'IMG_242'  47  40.08741760253906  6.9125823974609375
'IMG_243'  39  33.71436309814453  5.285636901855469
'IMG_244'  35  33.638999938964844  1.3610000610351562
'IMG_245'  38  35.123992919921875  2.876007080078125
'IMG_246'  41  38.09890365600586  2.9010963439941406
'IMG_247'  41  40.39671325683594  0.6032867431640625
'IMG_248'  38  38.12018585205078  -0.12018585205078125
'IMG_249'  37  37.722747802734375  -0.722747802734375
'IMG_25'  51  51.541107177734375  -0.541107177734375
'IMG_250'  40  39.98703384399414  0.012966156005859375
'IMG_251'  36  35.570396423339844  0.42960357666015625
'IMG_252'  34  37.316619873046875  -3.316619873046875
'IMG_253'  33  39.37312316894531  -6.3731231689453125
'IMG_254'  40  43.55260467529297  -3.5526046752929688
'IMG_255'  33  38.55421447753906  -5.5542144775390625
'IMG_256'  45  44.603179931640625  0.396820068359375
'IMG_257'  38  41.31788635253906  -3.3178863525390625
'IMG_258'  43  48.92613220214844  -5.9261322021484375
'IMG_259'  39  42.56238555908203  -3.5623855590820312
'IMG_26'  51  52.587406158447266  -1.5874061584472656
'IMG_260'  43  47.17726516723633  -4.177265167236328
'IMG_261'  40  42.520835876464844  -2.5208358764648438
'IMG_262'  45  44.65214538574219  0.3478546142578125
'IMG_263'  43  44.10798645019531  -1.1079864501953125
'IMG_264'  44  46.787513732910156  -2.7875137329101562
'IMG_265'  44  44.6378059387207  -0.6378059387207031
'IMG_266'  39  43.46842956542969  -4.4684295654296875
'IMG_267'  45  45.72065734863281  -0.7206573486328125
'IMG_268'  41  41.87605285644531  -0.8760528564453125
'IMG_269'  42  39.49391555786133  2.506084442138672
'IMG_27'  42  46.37248992919922  -4.372489929199219
'IMG_270'  39  38.71333312988281  0.2866668701171875
'IMG_271'  38  43.699703216552734  -5.699703216552734
'IMG_272'  41  43.711490631103516  -2.7114906311035156
'IMG_273'  40  42.27262496948242  -2.272624969482422
'IMG_274'  39  42.349334716796875  -3.349334716796875
'IMG_275'  44  42.390785217285156  1.6092147827148438
'IMG_276'  39  42.01940155029297  -3.0194015502929688
'IMG_277'  41  43.32400131225586  -2.3240013122558594
'IMG_278'  39  36.210819244384766  2.7891807556152344
'IMG_279'  43  41.088706970214844  1.9112930297851562
'IMG_28'  43  48.03539276123047  -5.035392761230469
'IMG_280'  42  39.51007080078125  2.48992919921875
'IMG_281'  36  35.49767303466797  0.5023269653320312
'IMG_282'  42  42.378170013427734  -0.3781700134277344
'IMG_283'  38  40.86012268066406  -2.8601226806640625
'IMG_284'  41  42.064002990722656  -1.0640029907226562
'IMG_285'  38  41.992027282714844  -3.9920272827148438
'IMG_286'  39  39.01233673095703  -0.01233673095703125
'IMG_287'  39  35.94524383544922  3.0547561645507812
'IMG_288'  41  36.9771728515625  4.0228271484375
'IMG_289'  39  41.58246612548828  -2.5824661254882812
'IMG_29'  44  47.78485870361328  -3.7848587036132812
'IMG_290'  40  39.5526008605957  0.4473991394042969
'IMG_291'  39  39.7071533203125  -0.7071533203125
'IMG_292'  42  40.61680603027344  1.3831939697265625
'IMG_293'  47  42.914154052734375  4.085845947265625
'IMG_294'  44  40.30218505859375  3.69781494140625
'IMG_295'  41  40.022342681884766  0.9776573181152344
'IMG_296'  43  41.81246566772461  1.1875343322753906
'IMG_297'  37  39.112064361572266  -2.1120643615722656
'IMG_298'  41  41.798545837402344  -0.7985458374023438
'IMG_299'  41  43.78972625732422  -2.7897262573242188
'IMG_3'  52  55.07099533081055  -3.070995330810547
'IMG_30'  45  47.818145751953125  -2.818145751953125
'IMG_300'  41  40.98104476928711  0.018955230712890625
'IMG_301'  46  45.96370315551758  0.036296844482421875
'IMG_302'  42  40.45391845703125  1.54608154296875
'IMG_303'  44  39.765419006347656  4.234580993652344
'IMG_304'  38  36.94501495361328  1.0549850463867188
'IMG_305'  34  37.70539093017578  -3.7053909301757812
'IMG_306'  36  39.470008850097656  -3.4700088500976562
'IMG_307'  35  36.90838623046875  -1.90838623046875
'IMG_308'  41  37.973609924316406  3.0263900756835938
'IMG_309'  41  41.247154235839844  -0.24715423583984375
'IMG_31'  46  46.031654357910156  -0.03165435791015625
'IMG_310'  44  43.5102653503418  0.4897346496582031
'IMG_311'  40  41.63567352294922  -1.6356735229492188
'IMG_312'  37  35.905006408691406  1.0949935913085938
'IMG_313'  39  36.81244659423828  2.1875534057617188
'IMG_314'  33  33.79475402832031  -0.7947540283203125
'IMG_315'  35  35.94010925292969  -0.9401092529296875
'IMG_316'  37  39.22787094116211  -2.2278709411621094
'IMG_317'  34  36.11093521118164  -2.1109352111816406
'IMG_318'  39  38.9915885925293  0.008411407470703125
'IMG_319'  38  39.887939453125  -1.887939453125
'IMG_32'  46  46.729183197021484  -0.7291831970214844
'IMG_320'  36  33.52058792114258  2.479412078857422
'IMG_321'  31  36.8638916015625  -5.8638916015625
'IMG_322'  33  35.74701690673828  -2.7470169067382812
'IMG_323'  35  37.25506591796875  -2.25506591796875
'IMG_324'  35  38.22749328613281  -3.2274932861328125
'IMG_325'  42  43.535823822021484  -1.5358238220214844
'IMG_326'  42  39.465885162353516  2.5341148376464844
'IMG_327'  37  41.06805419921875  -4.06805419921875
'IMG_328'  43  47.51263427734375  -4.51263427734375
'IMG_329'  40  42.532196044921875  -2.532196044921875
'IMG_33'  43  50.33717346191406  -7.3371734619140625
'IMG_330'  40  41.94844055175781  -1.9484405517578125
'IMG_331'  42  42.08226776123047  -0.08226776123046875
'IMG_332'  41  36.89556121826172  4.104438781738281
'IMG_333'  37  39.015899658203125  -2.015899658203125
'IMG_334'  36  35.175174713134766  0.8248252868652344
'IMG_335'  35  38.583282470703125  -3.583282470703125
'IMG_336'  45  46.35237121582031  -1.3523712158203125
'IMG_337'  46  44.156436920166016  1.8435630798339844
'IMG_338'  37  38.47273254394531  -1.4727325439453125
'IMG_339'  35  35.26872253417969  -0.2687225341796875
'IMG_34'  47  52.82310485839844  -5.8231048583984375
'IMG_340'  32  33.979888916015625  -1.979888916015625
'IMG_341'  33  30.943958282470703  2.056041717529297
'IMG_342'  32  33.56760025024414  -1.5676002502441406
'IMG_343'  33  31.42812728881836  1.5718727111816406
'IMG_344'  31  32.93656539916992  -1.9365653991699219
'IMG_345'  30  28.259071350097656  1.7409286499023438
'IMG_346'  31  30.240602493286133  0.7593975067138672
'IMG_347'  32  27.163288116455078  4.836711883544922
'IMG_348'  33  34.177040100097656  -1.1770401000976562
'IMG_349'  35  36.83121109008789  -1.8312110900878906
'IMG_35'  51  58.07844161987305  -7.078441619873047
'IMG_350'  30  32.639122009277344  -2.6391220092773438
'IMG_351'  33  32.485748291015625  0.514251708984375
'IMG_352'  35  35.394012451171875  -0.394012451171875
'IMG_353'  37  34.49477767944336  2.5052223205566406
'IMG_354'  38  34.01460266113281  3.9853973388671875
'IMG_355'  37  33.26800537109375  3.73199462890625
'IMG_356'  38  36.170631408691406  1.8293685913085938
'IMG_357'  39  36.809112548828125  2.190887451171875
'IMG_358'  36  36.826324462890625  -0.826324462890625
'IMG_359'  38  37.27774429321289  0.7222557067871094
'IMG_36'  52  51.49673843383789  0.5032615661621094
'IMG_360'  38  34.94496154785156  3.0550384521484375
'IMG_361'  39  38.51484680175781  0.4851531982421875
'IMG_362'  39  37.900062561035156  1.0999374389648438
'IMG_363'  38  36.032833099365234  1.9671669006347656
'IMG_364'  34  34.43006134033203  -0.43006134033203125
'IMG_365'  43  43.22130584716797  -0.22130584716796875
'IMG_366'  48  38.97168731689453  9.028312683105469
'IMG_367'  39  39.217533111572266  -0.21753311157226562
'IMG_368'  40  40.11680603027344  -0.1168060302734375
'IMG_369'  38  40.27824020385742  -2.278240203857422
'IMG_37'  47  49.258705139160156  -2.2587051391601562
'IMG_370'  38  34.45718002319336  3.5428199768066406
'IMG_371'  33  32.60215759277344  0.3978424072265625
'IMG_372'  38  38.379150390625  -0.379150390625
'IMG_373'  41  40.425559997558594  0.5744400024414062
'IMG_374'  33  40.49916076660156  -7.4991607666015625
'IMG_375'  37  39.19670104980469  -2.1967010498046875
'IMG_376'  42  37.31468200683594  4.6853179931640625
'IMG_377'  43  39.068992614746094  3.9310073852539062
'IMG_378'  38  39.1674690246582  -1.1674690246582031
'IMG_379'  35  35.08781433105469  -0.0878143310546875
'IMG_38'  51  52.8350715637207  -1.8350715637207031
'IMG_380'  34  32.36963653564453  1.6303634643554688
'IMG_381'  36  33.52104949951172  2.4789505004882812
'IMG_382'  40  35.721126556396484  4.278873443603516
'IMG_383'  35  33.75693893432617  1.2430610656738281
'IMG_384'  37  36.67890930175781  0.3210906982421875
'IMG_385'  31  27.57248878479004  3.427511215209961
'IMG_386'  26  27.434635162353516  -1.4346351623535156
'IMG_387'  39  38.443660736083984  0.5563392639160156
'IMG_388'  36  38.833473205566406  -2.8334732055664062
'IMG_389'  38  38.46514129638672  -0.46514129638671875
'IMG_39'  38  42.393943786621094  -4.393943786621094
'IMG_390'  32  34.93192672729492  -2.931926727294922
'IMG_391'  37  37.77771759033203  -0.7777175903320312
'IMG_392'  38  34.598060607910156  3.4019393920898438
'IMG_393'  34  32.386871337890625  1.613128662109375
'IMG_394'  35  35.354026794433594  -0.35402679443359375
'IMG_395'  36  35.440181732177734  0.5598182678222656
'IMG_396'  37  35.668792724609375  1.331207275390625
'IMG_397'  31  29.78058433532715  1.2194156646728516
'IMG_398'  43  41.18000793457031  1.8199920654296875
'IMG_399'  36  39.540977478027344  -3.5409774780273438
'IMG_4'  50  50.91974639892578  -0.9197463989257812
'IMG_40'  39  42.16885757446289  -3.1688575744628906
'IMG_400'  41  41.99188995361328  -0.9918899536132812
'IMG_401'  41  37.46055603027344  3.5394439697265625
'IMG_402'  33  36.35734558105469  -3.3573455810546875
'IMG_403'  34  33.33121109008789  0.6687889099121094
'IMG_404'  34  33.037620544433594  0.9623794555664062
'IMG_405'  36  35.364463806152344  0.6355361938476562
'IMG_406'  35  34.032997131347656  0.9670028686523438
'IMG_407'  35  33.99613952636719  1.0038604736328125
'IMG_408'  27  30.60758399963379  -3.607583999633789
'IMG_409'  26  30.46172332763672  -4.461723327636719
'IMG_41'  42  42.57554626464844  -0.5755462646484375
'IMG_410'  40  34.995059967041016  5.004940032958984
'IMG_411'  34  30.673086166381836  3.326913833618164
'IMG_412'  33  34.214622497558594  -1.2146224975585938
'IMG_413'  32  32.97570037841797  -0.9757003784179688
'IMG_414'  29  30.860992431640625  -1.860992431640625
'IMG_415'  28  25.903013229370117  2.096986770629883
'IMG_416'  25  24.74623680114746  0.25376319885253906
'IMG_417'  32  33.521636962890625  -1.521636962890625
'IMG_418'  35  34.796104431152344  0.20389556884765625
'IMG_419'  33  34.62731170654297  -1.6273117065429688
'IMG_42'  45  49.240440368652344  -4.240440368652344
'IMG_420'  39  35.31278991699219  3.6872100830078125
'IMG_421'  33  33.16460037231445  -0.16460037231445312
'IMG_422'  34  36.546627044677734  -2.5466270446777344
'IMG_423'  39  36.75641632080078  2.2435836791992188
'IMG_424'  31  29.682697296142578  1.3173027038574219
'IMG_425'  33  36.30430221557617  -3.304302215576172
'IMG_426'  35  34.288002014160156  0.7119979858398438
'IMG_427'  34  33.50304412841797  0.49695587158203125
'IMG_428'  30  28.030292510986328  1.9697074890136719
'IMG_429'  29  29.3874454498291  -0.38744544982910156
'IMG_43'  45  50.20549774169922  -5.205497741699219
'IMG_430'  29  28.100942611694336  0.8990573883056641
'IMG_431'  38  31.293048858642578  6.706951141357422
'IMG_432'  34  33.74835205078125  0.25164794921875
'IMG_433'  35  32.41349411010742  2.586505889892578
'IMG_434'  40  37.50421905517578  2.4957809448242188
'IMG_435'  40  40.72987365722656  -0.7298736572265625
'IMG_436'  38  37.70497512817383  0.2950248718261719
'IMG_437'  36  36.87980270385742  -0.8798027038574219
'IMG_438'  36  34.72972106933594  1.2702789306640625
'IMG_439'  34  35.34963607788086  -1.3496360778808594
'IMG_44'  38  38.13060760498047  -0.13060760498046875
'IMG_440'  33  34.04154586791992  -1.0415458679199219
'IMG_441'  32  31.479022979736328  0.5209770202636719
'IMG_442'  35  33.49494171142578  1.5050582885742188
'IMG_443'  33  30.61478042602539  2.3852195739746094
'IMG_444'  32  32.21651840209961  -0.21651840209960938
'IMG_445'  38  35.06427764892578  2.9357223510742188
'IMG_446'  32  31.550241470336914  0.44975852966308594
'IMG_447'  32  30.717845916748047  1.2821540832519531
'IMG_448'  32  32.86576461791992  -0.8657646179199219
'IMG_449'  36  36.93817138671875  -0.93817138671875
'IMG_45'  49  53.580474853515625  -4.580474853515625
'IMG_450'  39  36.931087493896484  2.0689125061035156
'IMG_451'  38  38.79232406616211  -0.7923240661621094
'IMG_452'  38  39.810035705566406  -1.8100357055664062
'IMG_453'  41  42.659629821777344  -1.6596298217773438
'IMG_454'  39  36.44219970703125  2.55780029296875
'IMG_455'  40  37.40985107421875  2.59014892578125
'IMG_456'  32  35.68262481689453  -3.6826248168945312
'IMG_457'  40  39.345027923583984  0.6549720764160156
'IMG_458'  43  40.74662399291992  2.253376007080078
'IMG_459'  44  40.22380447387695  3.776195526123047
'IMG_46'  48  51.89414596557617  -3.894145965576172
'IMG_460'  39  38.946319580078125  0.053680419921875
'IMG_461'  32  32.739933013916016  -0.7399330139160156
'IMG_462'  33  33.29862594604492  -0.2986259460449219
'IMG_463'  30  31.839622497558594  -1.8396224975585938
'IMG_464'  36  35.91025161743164  0.08974838256835938
'IMG_465'  35  33.524497985839844  1.4755020141601562
'IMG_466'  32  34.282711029052734  -2.2827110290527344
'IMG_467'  30  29.303516387939453  0.6964836120605469
'IMG_468'  26  28.628395080566406  -2.6283950805664062
'IMG_469'  28  33.09073257446289  -5.090732574462891
'IMG_47'  48  47.821327209472656  0.17867279052734375
'IMG_470'  30  30.284931182861328  -0.2849311828613281
'IMG_471'  34  32.9344482421875  1.0655517578125
'IMG_472'  33  31.8707332611084  1.1292667388916016
'IMG_473'  28  28.601661682128906  -0.6016616821289062
'IMG_474'  27  23.783626556396484  3.2163734436035156
'IMG_475'  32  33.139102935791016  -1.1391029357910156
'IMG_476'  34  33.680416107177734  0.3195838928222656
'IMG_477'  37  36.66311264038086  0.3368873596191406
'IMG_478'  38  35.190818786621094  2.8091812133789062
'IMG_479'  32  35.05675506591797  -3.0567550659179688
'IMG_48'  48  49.17066192626953  -1.1706619262695312
'IMG_480'  35  36.024723052978516  -1.0247230529785156
'IMG_481'  34  35.143409729003906  -1.1434097290039062
'IMG_482'  31  30.442363739013672  0.5576362609863281
'IMG_483'  33  33.22228240966797  -0.22228240966796875
'IMG_484'  33  33.616539001464844  -0.6165390014648438
'IMG_485'  31  31.596187591552734  -0.5961875915527344
'IMG_486'  31  33.074317932128906  -2.0743179321289062
'IMG_487'  29  31.706912994384766  -2.7069129943847656
'IMG_488'  29  29.940139770507812  -0.9401397705078125
'IMG_489'  33  30.818634033203125  2.181365966796875
'IMG_49'  50  49.503662109375  0.496337890625
'IMG_490'  35  34.40746307373047  0.5925369262695312
'IMG_491'  36  32.94942092895508  3.050579071044922
'IMG_492'  35  32.512908935546875  2.487091064453125
'IMG_493'  37  36.154510498046875  0.845489501953125
'IMG_494'  32  32.73813247680664  -0.7381324768066406
'IMG_495'  34  30.858171463012695  3.1418285369873047
'IMG_496'  38  36.540008544921875  1.459991455078125
'IMG_497'  34  31.929298400878906  2.0707015991210938
'IMG_498'  31  28.68021011352539  2.3197898864746094
'IMG_499'  28  28.717967987060547  -0.7179679870605469
'IMG_5'  53  54.659141540527344  -1.6591415405273438
'IMG_50'  53  48.965232849121094  4.034767150878906
'IMG_500'  37  34.58608627319336  2.4139137268066406
'IMG_501'  65  59.600772857666016  5.399227142333984
'IMG_502'  77  66.55793762207031  10.442062377929688
'IMG_503'  58  53.1223258972168  4.877674102783203
'IMG_504'  68  55.482051849365234  12.517948150634766
'IMG_505'  40  39.953895568847656  0.04610443115234375
'IMG_506'  38  36.97834777832031  1.0216522216796875
'IMG_507'  33  34.2947998046875  -1.2947998046875
'IMG_508'  38  35.740116119384766  2.2598838806152344
'IMG_509'  37  36.239593505859375  0.760406494140625
'IMG_51'  50  53.0548210144043  -3.054821014404297
'IMG_510'  34  31.099163055419922  2.900836944580078
'IMG_511'  31  32.24751281738281  -1.2475128173828125
'IMG_512'  39  36.529258728027344  2.4707412719726562
'IMG_513'  36  35.22271728515625  0.77728271484375
'IMG_514'  29  26.994203567504883  2.005796432495117
'IMG_515'  35  31.239892959594727  3.7601070404052734
'IMG_516'  43  39.47331237792969  3.5266876220703125
'IMG_517'  46  38.50487518310547  7.495124816894531
'IMG_518'  44  35.542457580566406  8.457542419433594
'IMG_519'  40  34.63621520996094  5.3637847900390625
'IMG_52'  48  48.96654510498047  -0.9665451049804688
'IMG_520'  39  32.92417907714844  6.0758209228515625
'IMG_521'  34  31.086559295654297  2.913440704345703
'IMG_522'  38  36.417869567871094  1.5821304321289062
'IMG_523'  32  31.269987106323242  0.7300128936767578
'IMG_524'  29  28.215105056762695  0.7848949432373047
'IMG_525'  35  31.957115173339844  3.0428848266601562
'IMG_526'  42  30.869319915771484  11.130680084228516
'IMG_527'  44  34.37495803833008  9.625041961669922
'IMG_528'  41  36.31916046142578  4.680839538574219
'IMG_529'  30  26.66083526611328  3.3391647338867188
'IMG_53'  42  46.35228729248047  -4.352287292480469
'IMG_530'  38  35.624412536621094  2.3755874633789062
'IMG_531'  41  37.84210205078125  3.15789794921875
'IMG_532'  39  34.13665008544922  4.863349914550781
'IMG_533'  36  35.65249252319336  0.3475074768066406
'IMG_534'  30  32.887306213378906  -2.8873062133789062
'IMG_535'  37  32.33657455444336  4.663425445556641
'IMG_536'  35  30.96697235107422  4.033027648925781
'IMG_537'  33  28.801488876342773  4.198511123657227
'IMG_538'  33  28.387479782104492  4.612520217895508
'IMG_539'  40  36.00507736206055  3.994922637939453
'IMG_54'  41  42.153263092041016  -1.1532630920410156
'IMG_540'  37  31.958173751831055  5.041826248168945
'IMG_541'  36  31.991596221923828  4.008403778076172
'IMG_542'  37  32.77202606201172  4.227973937988281
'IMG_543'  39  35.94194412231445  3.058055877685547
'IMG_544'  24  26.1951961517334  -2.1951961517333984
'IMG_545'  23  27.177499771118164  -4.177499771118164
'IMG_546'  34  36.660552978515625  -2.660552978515625
'IMG_547'  35  34.463226318359375  0.536773681640625
'IMG_548'  38  30.321273803710938  7.6787261962890625
'IMG_549'  38  35.43138885498047  2.5686111450195312
'IMG_55'  41  44.0242919921875  -3.0242919921875
'IMG_550'  32  33.01744079589844  -1.0174407958984375
'IMG_551'  42  36.817745208740234  5.182254791259766
'IMG_552'  45  39.54109191894531  5.4589080810546875
'IMG_553'  40  38.30352783203125  1.69647216796875
'IMG_554'  39  36.246707916259766  2.7532920837402344
'IMG_555'  42  39.15217590332031  2.8478240966796875
'IMG_556'  33  29.309093475341797  3.690906524658203
'IMG_557'  31  32.385353088378906  -1.3853530883789062
'IMG_558'  36  32.057212829589844  3.9427871704101562
'IMG_559'  42  36.849693298339844  5.150306701660156
'IMG_56'  41  40.443275451660156  0.5567245483398438
'IMG_560'  43  43.85102081298828  -0.8510208129882812
'IMG_561'  38  36.62624740600586  1.3737525939941406
'IMG_562'  41  38.332122802734375  2.667877197265625
'IMG_563'  37  34.62010192871094  2.3798980712890625
'IMG_564'  37  35.080955505371094  1.9190444946289062
'IMG_565'  34  34.02903747558594  -0.0290374755859375
'IMG_566'  32  28.96112060546875  3.03887939453125
'IMG_567'  33  30.356903076171875  2.643096923828125
'IMG_568'  35  35.053524017333984  -0.053524017333984375
'IMG_569'  36  29.94463348388672  6.055366516113281
'IMG_57'  40  45.239105224609375  -5.239105224609375
'IMG_570'  35  35.33985137939453  -0.33985137939453125
'IMG_571'  61  51.999244689941406  9.000755310058594
'IMG_572'  69  59.48370361328125  9.51629638671875
'IMG_573'  40  37.353782653808594  2.6462173461914062
'IMG_574'  37  41.19540786743164  -4.195407867431641
'IMG_575'  37  37.719993591308594  -0.7199935913085938
'IMG_576'  36  38.60589599609375  -2.60589599609375
'IMG_577'  31  30.770313262939453  0.22968673706054688
'IMG_578'  36  37.9997673034668  -1.9997673034667969
'IMG_579'  36  38.35197448730469  -2.3519744873046875
'IMG_58'  43  50.71173095703125  -7.71173095703125
'IMG_580'  42  39.67639923095703  2.3236007690429688
'IMG_581'  39  40.435028076171875  -1.435028076171875
'IMG_582'  31  30.4130802154541  0.5869197845458984
'IMG_583'  32  29.858604431152344  2.1413955688476562
'IMG_584'  36  35.28362274169922  0.7163772583007812
'IMG_585'  37  36.93914794921875  0.06085205078125
'IMG_586'  33  37.304969787597656  -4.304969787597656
'IMG_587'  40  39.43199157714844  0.5680084228515625
'IMG_588'  27  25.603851318359375  1.396148681640625
'IMG_589'  27  23.718017578125  3.281982421875
'IMG_59'  43  46.875885009765625  -3.875885009765625
'IMG_590'  24  23.625722885131836  0.37427711486816406
'IMG_591'  30  30.855087280273438  -0.8550872802734375
'IMG_592'  27  24.720409393310547  2.279590606689453
'IMG_593'  37  34.96338653564453  2.0366134643554688
'IMG_594'  28  29.967905044555664  -1.967905044555664
'IMG_595'  26  25.102170944213867  0.8978290557861328
'IMG_596'  36  34.33394241333008  1.6660575866699219
'IMG_597'  39  37.378143310546875  1.621856689453125
'IMG_598'  36  36.057350158691406  -0.05735015869140625
'IMG_599'  36  37.0936164855957  -1.0936164855957031
'IMG_6'  53  54.92828369140625  -1.92828369140625
'IMG_60'  42  48.11252975463867  -6.112529754638672
'IMG_600'  40  40.07421112060547  -0.07421112060546875
'IMG_61'  43  50.86780548095703  -7.867805480957031
'IMG_62'  46  48.58757781982422  -2.5875778198242188
'IMG_63'  48  50.35807418823242  -2.358074188232422
'IMG_64'  48  51.018768310546875  -3.018768310546875
'IMG_65'  49  49.56901168823242  -0.5690116882324219
'IMG_66'  40  37.821285247802734  2.1787147521972656
'IMG_67'  39  41.278377532958984  -2.2783775329589844
'IMG_68'  45  48.90778350830078  -3.9077835083007812
'IMG_69'  44  43.569644927978516  0.4303550720214844
'IMG_7'  53  53.05451202392578  -0.05451202392578125
'IMG_70'  47  46.35783004760742  0.6421699523925781
'IMG_71'  46  42.59579086303711  3.4042091369628906
'IMG_72'  47  44.82753372192383  2.172466278076172
'IMG_73'  44  43.59413146972656  0.4058685302734375
'IMG_74'  48  43.339195251464844  4.660804748535156
'IMG_75'  47  48.29328155517578  -1.2932815551757812
'IMG_76'  41  47.224281311035156  -6.224281311035156
'IMG_77'  42  45.24748229980469  -3.2474822998046875
'IMG_78'  45  43.37803649902344  1.6219635009765625
'IMG_79'  51  48.2369499206543  2.763050079345703
'IMG_8'  49  52.879173278808594  -3.8791732788085938
'IMG_80'  49  47.74543762207031  1.2545623779296875
'IMG_81'  51  50.80274963378906  0.1972503662109375
'IMG_82'  49  51.54582977294922  -2.5458297729492188
'IMG_83'  51  52.355857849121094  -1.3558578491210938
'IMG_84'  61  56.8533821105957  4.146617889404297
'IMG_85'  59  55.18810272216797  3.8118972778320312
'IMG_86'  56  56.21165466308594  -0.2116546630859375
'IMG_87'  67  56.03392028808594  10.966079711914062
'IMG_88'  53  54.09784698486328  -1.0978469848632812
'IMG_89'  51  50.22840118408203  0.7715988159179688
'IMG_9'  46  48.509281158447266  -2.5092811584472656
'IMG_90'  47  43.93747329711914  3.0625267028808594
'IMG_91'  52  47.00306701660156  4.9969329833984375
'IMG_92'  50  48.41704559326172  1.5829544067382812
'IMG_93'  49  51.003318786621094  -2.0033187866210938
'IMG_94'  46  47.458412170410156  -1.4584121704101562
'IMG_95'  48  47.45848846435547  0.5415115356445312
'IMG_96'  47  46.3624267578125  0.6375732421875
'IMG_97'  49  49.08095932006836  -0.08095932006835938
'IMG_98'  43  44.88666534423828  -1.8866653442382812
'IMG_99'  45  46.32490539550781  -1.3249053955078125
